[params]
m = 0.009
c = 0.01
a = 0.00174
g = 0.0000017
f = 1.0
h = 7.e-8
j = 0.0000005